
 COURSE_NO                                                                                                                        
----------                                                                                                                        
        10                                                                                                                        
        20                                                                                                                        
        25                                                                                                                        
       100                                                                                                                        
       120                                                                                                                        
       122                                                                                                                        
       124                                                                                                                        
       125                                                                                                                        
       130                                                                                                                        
       132                                                                                                                        
       134                                                                                                                        
       135                                                                                                                        
       140                                                                                                                        
       142                                                                                                                        
       144                                                                                                                        
       145                                                                                                                        
       146                                                                                                                        
       147                                                                                                                        
       204                                                                                                                        
       210                                                                                                                        
       220                                                                                                                        
       230                                                                                                                        
       240                                                                                                                        
       310                                                                                                                        
       330                                                                                                                        
       350                                                                                                                        
       420                                                                                                                        
       450                                                                                                                        

28 rows selected.


 COURSE_NO                                                                                                                        
----------                                                                                                                        
        10                                                                                                                        
        20                                                                                                                        
        25                                                                                                                        
       100                                                                                                                        
       120                                                                                                                        
       122                                                                                                                        
       124                                                                                                                        
       125                                                                                                                        
       130                                                                                                                        
       132                                                                                                                        
       134                                                                                                                        
       135                                                                                                                        
       140                                                                                                                        
       142                                                                                                                        
       144                                                                                                                        
       145                                                                                                                        
       146                                                                                                                        
       147                                                                                                                        
       204                                                                                                                        
       210                                                                                                                        
       220                                                                                                                        
       230                                                                                                                        
       240                                                                                                                        
       310                                                                                                                        
       330                                                                                                                        
       350                                                                                                                        
       420                                                                                                                        
       450                                                                                                                        

28 rows selected.

