
ZIP                                                                                                                               
-----                                                                                                                             
01247                                                                                                                             
02124                                                                                                                             
02155                                                                                                                             
02189                                                                                                                             
02563                                                                                                                             
06483                                                                                                                             
06605                                                                                                                             
06798                                                                                                                             
06820                                                                                                                             
06830                                                                                                                             
06850                                                                                                                             
06851                                                                                                                             
06853                                                                                                                             
06870                                                                                                                             
06877                                                                                                                             
06880                                                                                                                             
06902                                                                                                                             
06903                                                                                                                             
06905                                                                                                                             
06907                                                                                                                             
07003                                                                                                                             
07008                                                                                                                             
07010                                                                                                                             
07011                                                                                                                             
07012                                                                                                                             
07016                                                                                                                             
07023                                                                                                                             
07024                                                                                                                             
07029                                                                                                                             
07036                                                                                                                             
07040                                                                                                                             
07042                                                                                                                             
07044                                                                                                                             
07047                                                                                                                             
07055                                                                                                                             
07057                                                                                                                             
07060                                                                                                                             
07065                                                                                                                             
07070                                                                                                                             
07078                                                                                                                             
07090                                                                                                                             
07093                                                                                                                             
07094                                                                                                                             
07096                                                                                                                             
07104                                                                                                                             
07107                                                                                                                             
07111                                                                                                                             
07112                                                                                                                             
07302                                                                                                                             
07304                                                                                                                             
07306                                                                                                                             
07307                                                                                                                             
07401                                                                                                                             
07421                                                                                                                             
07430                                                                                                                             
07444                                                                                                                             
07450                                                                                                                             
10005                                                                                                                             
10015                                                                                                                             
10025                                                                                                                             
10035                                                                                                                             
10048                                                                                                                             
10954                                                                                                                             
10956                                                                                                                             
10965                                                                                                                             
11021                                                                                                                             
11030                                                                                                                             
11042                                                                                                                             
11050                                                                                                                             
11101                                                                                                                             
11102                                                                                                                             
11104                                                                                                                             
11105                                                                                                                             
11106                                                                                                                             
11201                                                                                                                             
11203                                                                                                                             
11204                                                                                                                             
11205                                                                                                                             
11206                                                                                                                             
11207                                                                                                                             
11208                                                                                                                             
11209                                                                                                                             
11212                                                                                                                             
11213                                                                                                                             
11214                                                                                                                             
11215                                                                                                                             
11216                                                                                                                             
11217                                                                                                                             
11218                                                                                                                             
11219                                                                                                                             
11220                                                                                                                             
11221                                                                                                                             
11222                                                                                                                             
11224                                                                                                                             
11225                                                                                                                             
11226                                                                                                                             
11228                                                                                                                             
11229                                                                                                                             
11230                                                                                                                             
11232                                                                                                                             
11233                                                                                                                             
11234                                                                                                                             
11235                                                                                                                             
11236                                                                                                                             
11238                                                                                                                             
11303                                                                                                                             
11354                                                                                                                             
11355                                                                                                                             
11357                                                                                                                             
11358                                                                                                                             
11360                                                                                                                             
11365                                                                                                                             
11366                                                                                                                             
11368                                                                                                                             
11369                                                                                                                             
11372                                                                                                                             
11373                                                                                                                             
11375                                                                                                                             
11377                                                                                                                             
11385                                                                                                                             
11412                                                                                                                             
11413                                                                                                                             
11414                                                                                                                             
11415                                                                                                                             
11419                                                                                                                             
11420                                                                                                                             
11422                                                                                                                             

ZIP                                                                                                                               
-----                                                                                                                             
11426                                                                                                                             
11428                                                                                                                             
11432                                                                                                                             
11433                                                                                                                             
11434                                                                                                                             
11435                                                                                                                             
11510                                                                                                                             
11530                                                                                                                             
11552                                                                                                                             
11561                                                                                                                             
11565                                                                                                                             
11576                                                                                                                             
11717                                                                                                                             
11743                                                                                                                             
11746                                                                                                                             
11758                                                                                                                             
11766                                                                                                                             
11787                                                                                                                             
13760                                                                                                                             
43224                                                                                                                             
48104                                                                                                                             
s/Dat                                                                                                                             
o                                                                                                                                 
                                                                                                                                  

149 rows selected.

