
PREREQUISITE   COUNT(*)                                                         
------------ ----------                                                         
          10          1                                                         
          20          5                                                         
          25          2                                                         
          80          2                                                         
         120          1                                                         
         122          2                                                         
         125          1                                                         
         130          2                                                         
         132          1                                                         
         134          1                                                         
         140          1                                                         

PREREQUISITE   COUNT(*)                                                         
------------ ----------                                                         
         204          1                                                         
         220          1                                                         
         310          2                                                         
         350          2                                                         
         420          1                                                         
                      4                                                         

17 rows selected.

